730
570
218
1938090
1086940
578080
1172470
2252570
271590
252490
1599340
236390
304930
440
2399830
221100
359550
431960
289070
230410
1091500
381210
2195250
252950
346110
1085660
1248130
218620
1966720
1063730
227300
413150
394360
108600
1623660
1222670
251570
105600
480
39210
1245620
892970
1716740
739630
489830
1337520
1174180
1904540
236850
594650
949230
438100
1466860
294100
2357570
582660
4000
813780
1281930
1158310
1361210
526870
291550
8930
322330
550
261550
250900
1142710
1203220
427520
322170
238960
377160
1282100
107410
1811260
629520
2444170
1449850
306130
1454400
548430
632360
386360
1158160
582010
960090
284160
529340
440900
1366800
1517290
281990
244210
292030
513710
962130
255710
10
990080
1084600
761890
393380
1665460
1326470
1928420
444200
1677740
1997040
1172620
1782210
646570
1151340
444090
365670
1240440
1476970
1569040
1118200
244850
945360
1551360
2141910
270880
242760
1250410
648800
2334730
1794680
1267910
376210
671860
505460
1364780
214950
436150
686810
552520
1905180
1506830
386180
275850
2108330
1446780
1286830
627690
286160
2285150
457140
8500
1920960
2140020
4700
1324130
1971870
1328670
916440
367520
397540
933110
1676840
552990
12210
1604030
1325860
2349820
977400
1147690
766570
1817070
1669000
1284210
435150
2167580
1343400
534380
22380
1919590
374320
2050650
221380
1258080
232090
1283970
233860
231430
431730
714010
1818450
1145360
2250040
552500
1465360
2375550
601510
311210
1942280
518790
1049590
976730
700330
2344520
805550
1568590
10500
240
1404210
459820
239140
703080
594570
787860
380600
1501750
692890
48700
268500
1407200
1128810
1167630
1970580
1263850
2338770
389730
1238840
304390
1468260
1119730
359320
613100
34330
1627720
2140330
1144200
2066020
2471100
363970
219990
1607250
1100600
1293830
1535560
814380
72850
49520
1066780
976310
203770
1030840
1149460
835960
812140
1868140
1329410
635260
325610
1527950
208650
1238810
1366540
1260320
264710
1259420
581320
1237970
1062090
602960
1029690
356190
779340
379430
1401590
400040
262060
599140
1824220
3590
438040
1044720
1129580
1041320
1286680
1304930
466560
1097150
881100
1222680
1184370
215080
305620
1259970
1599600
1621690
1891700
1056640
1643310
392160
298110
266840
985810
2369390
1549250
32470
1659040
1201240
728880
644930
1797880
1009850
570940
1432860
899770
220200
815370
2281730
2203070
655500
1151640
495420
1343370
1687950
383120
1888160
8800
447040
1583320
2080690
34030
516750
47890
200210
1822550
905370
297000
471710
1849250
335240
335300
1690710
573090
3910
784150
1593500
323190
2221490
1677280
2391710
629760
588650
1353300
2244130
637090
1556790
767560
1046930
620
1943950
2005160
287700
211820
1426210
449300
243470
1229490
632810
1084160
1418630
2208920
1817190
400750
1013320
268910
632470
588430
1336490
40970
397900
1881700
460930
1681430
2238900
1625450
365360
431240
1840
665300
312660
1313140
2420510
403640
603850
1290000
1217060
1238860
1774580
2562730
975370
2064650
571740
1714040
329110
1657630
1113120
1949740
1272080
1433140
2642680
361420
493340
885970
1092790
480490
2103140
212680
1942660
2218750
466170
1206560
1274570
2440510
2225070
1274600
228200
872790
1468810
244450
212500
1190000
1482520
254060
1197260
871720
702320
2322560
1399720
454650
489630
389430
109600
1029780
508440
1531430
824270
883710
1069660
1384160
1397920
1222140
774361
1170950
22330
200260
2179850
304050
1546320
2003310
360430
469600
669330
387990
1973710
2287220
9420
544730
2239550
924970
223750
527230
2231380
2305790
475150
4760
638970
445220
877280
368260
1180380
1196590
1929610
218230
205100
1937480
1692250
504230
678950
719890
585420
782330
1477830
784080
690790
1787090
233450
365960
1644960
1062520
1537830
1827980
220240
1213210
704450
880940
1877960
1447430
958260
492720
9900
1237950
2180600
24010
216150
640820
9450
610080
1284190
311690
1235140
870780
1244460
1594320
253710
663090
872200
333420
382310
1173510
346900
848450
760160
504880
920490
1211020
242920
784950
1985810
740130
1557740
219740
1385380
1888930
1172380
1574360
2563970
234140
453480
704270
707010
582160
367500
701160
2231450
312520
961200
363890
834910
1588010
1222690
1846380
1276390
412020
1030830
1419170
799600
2343650
312060
1940340
252530
753640
601150
2140510
221680
225540
1124300
648410
786520
108710
1611600
624090
992070
1963370
383150
307950
2212330
265970
42960
337410
552100
1689500
1850570
1280930
1435790
1760250
1937780
35140
39510
291480
319510
220
3900
1336980
314160
2000950
800270
1963570
268850
851850
1105420
464920
1812820
986130
391220
204360
241930
1273400
287450
1593350
412220
482730
477160
1161580
1238000
391540
17390
1017900
433340
1815780
2017080
251060
362890
228280
2687760
2252590
228380
636480
312670
744900
620980
1068820
872410
939960
1325200
493520
1449690
758190
897330
920210
666140
646910
1957780
858810
1284410
200510
1288320
489520
617290
236110
383980
895400
22370
1113000
1927780
105450
750920
242050
780310
1976440
1054490
780290
1022450
373420
699130
919640
1449560
392110
843380
2362300
1202130
1812620
502520
1296610
835570
898920
12120
747660
1371580
1966900
70
447020
1335200
342200
1486350
1693980
1622900
569480
1262580
2023760
794260
269950
1377580
1881610
203160
16900
751780
774801
1869590
3330
550650
209000
47810
254700
745920
1048370
257350
1931010
282070
756800
674940
1536610
388080
1307890
1139980
1102190
418370
787480
1377380
311310
1455840
1127400
629730
736820
10180
212910
1066890
1504980
2290180
21690
361280
1244090
24200
307780
378120
738060
1252330
1687670
2342950
1127500
2248760
1150690
673950
1451190
977950
362490
690830
1017180
1072040
47410
211500
1256670
494840
1981820
349040
379720
502500
729040
1702010
289650
326460
1268750
1062810
1462040
466240
601050
365590
300
313120
1171690
1106840
1562430
1987080
7940
10090
20900
1158940
231120
1467450
418460
535930
364360
611500
1496790
204880
560130
295270
42700
979920
859580
1605220
1931770
1985170
588030
670290
1118310
1147560
232890
285920
404790
1977530
2499470
850170
1241100
409710
1735700
269210
293760
257510
524220
1096900
1533390
1922560
415200
1357210
1895880
1254120
1549180
568220
1096530
2103530
1318690
1333350
1696810
331470
1874880
371660
1150440
858820
500
253920
212200
410900
675010
799960
2087030
2296990
1367080
493900
1611910
672680
972660
747610
24780
359870
1827180
2553870
896660
2063610
2452090
1659420
78000
1876890
418030
2439510
437920
290080
332800
1169040
952060
1008080
1782120
222880
1016950
42680
40950
65980
1002300
1658150
307690
1865780
223710
2069310
231670
1281630
223850
682990
714210
221040
712100
1887930
979110
268650
280680
485510
1331550
22490
208580
1974050
261640
1549970
1222700
20920
628070
678960
823130
1332010
946050
2496860
633230
4500
298050
80
1105670
22320
8870
1948980
1426050
2235240
1973530
544810
551170
1629520
2014780
826630
224260
1637320
250520
524660
418530
777130
550470
1135690
50130
282440
627270
1063420
1176470
1351080
1671200
382080
71270
248390
1485590
17480
586140
1094780
228180
1149620
286690
1547000
1789480
10190
1708520
234330
410340
582500
444640
1057090
1173370
1498570
205710
333640
527430
698780
1737100
225840
546560
673610
108200
285900
371970
1313860
1777760
400
1540960
1577120
537180
402840
1745510
2544090
493490
1189490
346010
1971650
774171
1364390
2378900
230290
235460
562810
1766060
1944790
1961460
2114740
246620
645630
247000
259340
24810
362620
834530
973230
1499560
1525700
597180
927380
2068280
1436990
39500
1252780
1644320
1661630
40960
239030
470220
1210320
39140
637650
2107670
544550
1361350
226840
327030
813820
1126320
386940
394690
1444480
768200
214340
719040
1369320
287390
731040
763890
1302240
1989270
720620
1134570
249130
2171440
268400
1488200
1690940
1843760
1160750
2488510
201810
1088850
1721470
274170
996470
206480
56400
223470
734750
612880
2163330
24790
555160
1474700
1641650
2131650
92
677620
2478080
4580
438740
573100
2230110
1080110
1282730
113400
1352080
202990
273110
1042550
2346660
238320
839770
1253920
1332720
2348610
1509510
323470
848480
1649080
291650
1408610
16810
321960
863550
976590
1147550
429790
43160
1017100
2276930
1250
364470
337000
997070
1509960
15370
65540
363150
1088090
1341290
2071280
6060
302670
589290
719640
2154770
354290
867210
17520
2201940
2239150
210970
312450
868360
1416260
1759350
203140
304410
555570
625960
1478220
2626490
1164940
1295510
307960
590380
2124680
874390
11020
207140
319630
1731270
2021910
283020
2187290
2559270
553520
597170
488790
814370
955900
1105510
2285820
2630
236690
1012880
1264710
1338770
1850740
333930
861650
2197730
674020
451340
976620
274190
476620
544750
838350
908520
12200
450540
1307550
1548850
1767560
1782380
512900
528740
40100
424840
783770
15170
246900
378860
41700
718850
997010
42710
200710
217200
578650
996580
2485460
641990
648350
683900
755800
1007040
1672970
503940
2445310
2627540
1182900
1276760
41080
287980
1520370
1588530
1948280
32370
2382260
600750
2131640
240720
1099410
1129190
1089090
1775390
207890
235900
387290
621060
623990
1583230
236430
280220
372000
1937500
357190
668580
1237320
1624540
1905950
113200
337320
368500
1674170
366090
482920
1292630
1603180
65800
238090
285310
213670
476600
531640
1028310
2181610
259360
1191420
667970
680420
1562700
1700870
238010
1286580
1359090
253250
1218210
1894430
2221920
797430
1369630
1578390
1182020
460920
704850
2058190
33230
33930
611670
666860
1437400
1531540
2412410
883860
1137750
1162750
386070
463530
1011510
3620
1422130
1426440
1522820
1645820
1239080
1482860
1696440
1724190
2199970
557970
1262540
1360000
2131630
2182630
203290
736590
846770
1097430
1263860
773790
1128920
1803580
226860
304240
631510
921800
1138190
339600
495910
20510
667530
2138710
2383950
424030
268050
694280
962730
1114940
1277400
1463120
1999360
207610
1519350
2250600
385770
410980
1158850
244160
1089350
1259980
1898830
926990
1349540
1709920
204100
306020
1088710
1388590
2253720
326360
865360
1166860
292120
742420
1739010
1755920
1097840
1238040
2058180
2067920
3990
214490
897450
1144170
1286320
606880
913740
2519830
39540
212160
1220140
301520
458750
1342330
2494960
310950
368070
937310
1266840
1761390
2346550
673880
1207650
736220
1036950
1215390
1860510
1963040
2291760
2475420
237310
239820
377840
2151290
265930
599390
769560
1179680
1649730
24800
429050
632300
679900
446800
973580
1262560
1790310
2027330
970830
2553050
638510
722060
1161770
2293900
301120
312530
1473480
327400
427920
1105500
2529820
201230
517630
858210
954850
1150530
1404850
1530300
1670460
1753410
1920490
509980
798460
1882500
378760
705210
1134710
1190460
1275350
2144740
2302990
2328750
39120
213610
245170
532210
736260
911400
1029550
1222800
1266630
1278480
1368820
2084000
320
220700
292730
311260
330020
595520
1090630
1368910
575720
860510
1262350
1475810
2384610
55230
248170
602320
692850
820520
1321440
1991140
2430930
211420
374280
403190
597820
1150640
2371630
289130
339610
541210
563560
606150
718670
731490
1333200
40800
42690
413420
605740
700600
1121560
1202200
1245560
388090
886250
921570
969990
15620
202970
217980
593600
647830
1249040
2083210
48190
678800
1301720
2197910
2626940
3480
12110
245620
310560
266410
1016120
1941000
2320
238460
442120
980610
19680
21130
246420
366220
849100
1118240
1136370
1170970
1968730
2237970
737800
1408720
38410
313160
384180
585410
1070820
1196310
1545560
1811990
2229260
48720
345260
504370
808290
1024020
1182110
219150
236600
296490
453090
610370
1364290
1656780
2193070
2500750
24720
32440
409720
1272320
752590
1196470
1243830
1669980
1106530
1135230
282800
384300
404410
1364210
1426450
1941780
276810
278080
443110
1139900
1244800
1328660
2186320
16700
528230
1199030
1352330
1630280
2529170
4850
567640
814480
2442230
35450
55150
206420
334230
414700
774181
1073440
110800
214510
355920
488860
966610
1031140
1180320
1225330
1372810
249050
383180
601430
654890
1131620
1314000
4920
259680
373930
397350
1494420
57690
285330
891040
960990
998740
341800
1113560
1100620
1159690
1544020
2218400
388410
1041720
1437830
1612810
1682970
1896700
2311680
34220
589360
598810
673560
1175730
1599330
214730
411300
860890
981600
1290330
1715280
1981570
448510
790710
909660
1453490
1718570
1902690
1964220
242680
564530
677120
822240
212070
445310
967050
1353230
2066750
2321430
604500
900040
1466060
2293600
459220
872670
985890
1280780
1335790
6020
44350
413410
1157390
1954420
2395210
8190
73170
99910
356500
636040
755790
1356810
1448440
1450900
1619750
2506160
2514960
99900
541570
1069640
1367550
1382330
1546990
1649240
2495980
45760
253230
311560
593280
684450
1016920
1826980
1990690
40990
262410
566050
933820
1690730
1761620
1785150
1805480
274920
446150
578330
758690
420
7200
21970
314650
429660
885570
1451090
1521580
2109460
2294090
248820
427290
965580
1184770
1809700
303210
394510
758370
1049800
1141530
1988550
589870
1515210
290340
427100
681280
1134700
1369670
1457320
1503790
2439710
321800
342940
393420
761830
1443820
1468720
1533420
1597310
1694420
1755830
288470
350080
614570
2109370
380
230190
434170
475550
1089980
517790
611790
1094520
1677350
2008100
38400
294420
339800
1003590
1012790
1161590
1280770
1295920
1745200
1910680
1953520
2067850
48240
438140
732690
918570
1608640
1740720
2100160
2207490
677160
699330
40300
242860
283640
445980
474960
600480
807120
930210
1259440
1265820
1592190
47780
653530
770810
1225570
1250790
1709400
1817230
1967630
247080
375450
607080
1162520
1546970
1890860
1985820
2278860
21000
339340
482400
987840
1263550
1292690
1650010
7620
641320
728530
735850
914710
231350
345240
394310
884660
978520
1141020
1350650
1938010
2234800
3920
382110
397340
458710
882100
1137300
1526490
2358260
19900
201870
329050
351030
485610
718560
837470
979060
1121640
1238060
1372530
2239140
2392520
261030
285160
375910
414340
496460
520440
672870
875210
979690
1451940
2098350
13520
40980
334920
829110
937380
1071100
1124180
1255630
1458100
1641960
1690800
1701380
1750770
30
424370
506140
613830
621830
757210
914620
1232420
1958220
246840
410320
593150
775500
788100
895870
965200
1201540
1436700
1969870
239350
329430
506610
647960
738540
753420
861540
887570
957720
1072420
1115690
1229240
1454900
1541020
1715130
10540
33350
368340
442080
809230
951440
1209040
1718870
2631130
6860
7600
288390
375530
375950
612020
682130
757320
839200
1520470
1583720
1653970
1807080
265630
313690
462780
915320
1223750
1252600
1265860
1276790
1530340
1619570
1924480
1948800
8980
251150
298030
795630
933480
954740
1574580
209160
348550
352400
460950
496300
528200
598330
607260
794600
964800
1025600
1272550
1675900
1794470
1836550
2442810
4570
236870
304430
321360
354140
434650
544610
625340
1434950
39150
274520
367670
538030
552620
656350
979120
1061910
1159290
1424330
1510460
406290
1009560
1018830
1026680
1410710
1563180
1944570
2060870
2492430
2631210
235600
287290
298630
441960
803600
963930
1188930
1437880
1511460
1946180
1948430
2022670
2085560
2464880
823550
898750
1049410
1076160
1281590
1530160
1896170
1934780
1956740
1980920
2310
2600
7520
262280
265550
285190
321040
374040
502570
505230
715670
1204050
1289310
1371630
1597460
2551760
2990
4560
24960
25900
227320
248570
536270
960910
1016800
1123770
1219160
1380410
1443200
1581770
1812370
1895300
2381620
563
9880
239160
298610
418240
628060
690640
789100
894020
944770
991270
1634680
1668690
1825750
2005010
2059790
15210
393080
452280
529180
553420
606280
830640
960170
1088150
1279610
1668540
1784570
2064870
6910
657200
833360
843200
1056960
1063660
2502760
3310
304030
405310
559650
735280
1233570
1238820
1898210
2294130
2328760
50
253900
301320
315660
324810
564710
584400
644830
866800
899440
1369470
1372280
25890
213330
257420
362680
378540
476460
803050
1069650
1584090
841370
1178400
1198090
1292940
1307710
1324780
1329500
1455660
1565140
1705180
1929870
2238180
22300
238370
280790
282140
477740
538680
829590
907650
968970
1294660
1560500
1651560
1842810
1999770
222440
223830
367450
372800
470310
537800
628890
1173820
1257290
1296830
1562420
1571440
1614310
1635450
1671340
2485640
2620
200170
234080
301640
352720
368230
644560
710920
928600
979710
1275670
1419160
1608070
1954200
2190290
20
17470
34000
242550
323850
389570
770240
793460
799240
837380
952860
2363730
2606890
6800
203350
204450
362960
491540
562860
859570
1287530
1453850
1455070
1466640
1749630
1865060
2147450
2358500
2431880
2544720
3540
43110
421020
909080
1719390
1920780
2060130
2217550
2449040
71340
204120
232910
456610
466300
628050
675690
797400
1104450
1184140
1262240
1590730
2079120
2272400
2318310
2414860
22130
289520
420000
525300
591740
667890
673750
870200
893850
965310
1036240
1211630
1328350
1607680
1799370
1918040
1937470
1944430
2433470
7670
252610
519860
1122340
1547890
1614550
1630080
1631080
2295970
9350
22100
407130
460790
583010
591960
629820
823500
1024650
1061090
1295500
1316230
1337760
1574000
1575870
1692080
1775550
2334220
2488340
2491360
7610
25800
40700
250760
304650
515180
687800
968250
1163550
1584940
1798010
2161440
2551500
365450
481510
1131720
1260590
1378990
1702330
2096600
2412890
2423620
45740
209170
223330
332950
493540
548570
567630
752580
973760
1054510
1102930
1239320
1388880
1703340
1803400
1977170
2173800
2532550
21090
48220
302510
431600
441550
645260
914800
1243850
1259790
1289380
1324220
1482910
1484720
2060080
2194530
2547120
18500
32510
57300
57730
250320
343780
383080
536220
572410
1088790
1308700
1388770
1482620
1485080
1796220
2373630
15100
222480
728730
782670
841190
993090
1083880
1110910
1123050
1123830
1180660
1205970
1448530
1490890
1708330
2021590
2057550
2059170
2088570
2096610
1280
17410
48000
215280
252870
270150
427190
456750
521890
604540
628080
707030
785790
1008020
1154840
1264250
1380910
1386950
1606340
1638950
1668510
2009350
2119270
2289970
2640560
12150
29720
299740
350640
531510
626690
758990
816340
936790
939850
1075740
1157700
1213670
1214470
1379130
1494460
1668520
1702140
2273430
2497900
2561160
2660090
2700
9200
12320
17575
313340
313480
324510
342560
372360
564230
658850
690040
1060230
1083600
1218740
1355090
1396240
1433990
1462570
1623070
1863390
2373440
205610
208200
234630
362930
404730
422900
423580
829420
1260820
1282590
1305420
1620340
1754870
1793250
2126680
2452900
2280
9480
10150
10680
201790
208140
220740
290730
335620
375480
593030
598960
622650
728740
978300
1042800
1087280
1173810
1227280
1239520
1413480
1471410
1529570
1599660
1648390
2283780
1930
2300
63910
249230
281610
480650
606230
644390
683320
748490
903950
954870
1028630
1419850
1483870
1768280
1962770
1972440
2226700
2337200
2669120
12100
71250
217490
426000
457550
601840
738520
844870
1075190
1120320
1222300
1255980
1304680
1330460
1372110
1377150
1487210
1538570
2383990
2505570
12140
16450
34270
115320
261570
311770
314980
341940
610180
743450
847370
1005300
1034140
1265920
1560250
1567020
1573360
2658820
33250
35720
201310
210770
225640
317600
320430
328080
464350
758870
943700
953880
1278060
1410640
1462810
1495320
1766740
1850510
1851330
1881200
1904820
1913730
1960270
2240530
2518960
1700
251290
292910
322500
332310
332570
427730
443810
674140
1055430
1179080
1238020
1291340
1341200
2198070
45770
217750
223100
237990
258970
290470
415600
523660
641780
666150
736190
794800
813630
814000
963330
965300
999020
1046030
1146370
1182920
1463920
1497440
1498040
1518220
1646850
1913370
2084050
2181720
2303350
2430450
2538150
41070
209650
331600
344740
385760
410970
440650
579180
611660
754150
754500
801630
824000
905640
1055010
1058020
1222730
1227530
1361510
1538970
1584760
1712840
1946160
2093410
2232840
2328730
3830
13230
40390
220440
241600
324800
397950
432350
568320
689580
747970
760650
798420
840260
877010
953490
1076200
1084020
1271700
1363740
1386780
1563940
1658040
1672740
1803410
1823600
1837970
1863750
2083160
2168680
2358040
9010
17460
20570
39200
420530
420790
451130
559100
594330
658920
842150
872570
892420
895620
1178160
1194110
1240210
1358700
1382070
1418800
1432050
1461810
1677770
1710580
2143030
63380
202750
215830
227860
241260
242640
300970
336150
342180
376680
447530
455130
557180
587620
790820
1028860
1119840
1143810
1489630
1566880
1593030
1712830
1970460
2274120
2320130
2430830
2477010
2599300
39190
510500
510660
606800
616720
743890
1062160
1101190
1236720
1420770
1597480
1600530
1649010
1793170
1874490
1879330
1946970
1952370
2291850
2549090
64000
293260
468920
703860
761620
936140
991170
1108370
1177970
12810
34870
42750
219640
311340
320240
369990
405900
525480
688420
981430
1173770
1178790
1205520
1330000
1816300
1850160
1863670
20540
261430
346940
351970
774461
1191120
1194630
1325400
1335830
1602010
1737340
1742020
1980530
2205850
2820
21100
215930
237110
378720
462930
553640
678900
1194810
1287840
1580520
2020710
2343600
2381590
263280
543460
554620
620590
1104280
1397390
1480560
1956800
39680
50300
203630
221260
222750
242700
300550
318020
420560
592580
596970
2216830
235540
251730
265300
316010
503560
574720
661130
872820
1272160
1914580
1967430
214850
234670
314430
316790
381640
597220
629910
640590
688130
785740
785770
1030210
1101120
1129540
1144400
1227890
1282150
1361320
2066510
2231010
2487070
42910
108800
225260
294860
356040
412830
504210
615530
744190
1139940
1140270
1173790
1184050
1281800
1390350
1590320
1680880
2324650
47870
208500
222940
228260
263540
268130
292140
311290
428690
512470
759740
760060
871980
1109680
1189630
1389990
1624110
9340
22600
32430
204300
218680
290930
333950
389270
421050
609150
667720
787810
894940
1201230
1351210
1761270
221540
291860
393530
447820
541300
684410
893180
1097420
1815570
1881420
2233790
33910
57900
414530
507490
624120
633460
1097350
1220010
1403370
1652250
1850960
1996930
2183650
47790
98800
212480
243970
257850
375960
641080
695290
742120
764030
803330
816090
817130
831560
977880
1038250
1112790
1173800
1216710
1230530
1418870
1493760
1501610
1679220
1684170
1701520
1811180
2012840
2119490
17500
28050
57740
204030
232050
233840
239250
289950
317400
355790
393100
465190
755500
816020
1148150
1222370
1286350
1818750
1830840
11450
24240
41500
42890
370240
396750
515220
704230
765810
821880
838380
1059990
1065310
1283410
1368130
1421250
1615290
1676130
1763200
1810920
1816670
1939160
1993150
49540
67370
102500
202200
208480
219780
289930
290300
498240
831980
853450
1078730
1111030
1140620
1446650
1543030
1556200
1668940
1810580
1810820
2059810
2074800
2411910
35700
257170
363680
383270
454120
482750
513000
553540
571310
638230
1167140
1179580
1843940
1956040
2379390
47400
241560
255480
271240
320300
345350
368360
375320
706990
715400
768520
774241
978780
1128000
1213740
1433570
1594940
1949190
107100
221910
228300
247020
255220
275390
314000
314970
445190
456670
577800
1035120
1157220
1269370
1330470
1552350
1618540
1794960
1798020
1814010
2095300
2111170
2316660
233130
238430
250180
322190
356650
501080
557400
616560
873940
939400
991780
1135300
1150760
1178830
1283400
1329880
1424800
1607130
2113920
6000
12710
206500
220260
359840
397060
399810
433850
543900
674500
685310
699170
900270
921060
924980
1071870
1294810
1343670
1566200
1665190
1727650
1731070
2166060
32800
219830
224760
241910
402710
435120
455980
473690
518150
539460
546050
916840
958400
960690
1152340
1282690
1291010
1374840
1447000
1477590
1522870
1716120
1868180
2173600
34830
46500
55100
91310
213850
335670
355180
360170
383870
583950
809140
911430
994280
1043260
1158980
1343240
1392960
1420350
1451810
1612770
1628620
1786790
630
23310
65790
237630
267530
278360
386620
390880
433350
460870
572890
829660
1000010
1158370
1206610
1361000
1437820
1526520
1574260
1776380
1964360
2302560
2353760
105400
207170
234650
248610
260230
305260
311730
400170
464340
553310
607050
654880
671440
698670
702890
798490
857980
867290
915810
998940
1031500
1059980
1067850
1079310
1173780
1216320
1472660
1504570
1621070
1732180
2154900
2272420
15120
32500
39690
61700
70400
102600
232790
313010
330830
353640
405710
530070
550010
594720
688470
732050
747200
939520
952070
985830
1040230
1161490
1356670
1902490
2013240
2113430
2760
8850
24740
33220
50620
225420
236450
274940
314410
329130
367540
397460
451020
480430
484900
493370
566440
586200
675260
999220
1138660
1260390
1580240
1611410
1833000
1933650
2004320
226580
238750
250340
282900
286570
304730
345180
391730
442070
535230
599460
651670
1051690
1069690
1134100
1135810
1435990
1995730
41010
58610
73010
232770
233270
236090
344850
351510
438490
607890
628670
633080
650500
742300
855740
929010
1084520
1120810
1175460
1176710
1436120
1589120
1769420
2458530
205950
281640
408900
420290
436520
458030
466910
671970
683830
723780
730310
758330
773951
821250
1073910
1100760
1114220
1133760
1145960
1147660
1282410
1674890
2127010
2231770
13210
17300
41000
97330
215530
218640
224580
230230
245470
259080
268870
280160
282210
287680
288570
331670
391040
391720
410110
462770
533780
578310
598700
686200
851100
927350
928960
1009290
1040420
1070330
1216060
1334010
1449200
1457080
1570070
1792250
2281360
2315040
46510
92800
95400
226620
226700
233290
234710
243750
250400
264140
272510
433530
438640
501590
534370
583470
834740
980300
1097200
1191840
1205550
1286880
1306630
1573280
1829980
2348120
1520
17450
20500
24980
107200
212630
297130
298240
299360
310470
311240
323910
388210
421170
464960
486310
487120
557340
573120
602520
666220
790740
817840
915310
952540
992300
1136160
1148590
1148650
1266700
1347970
1585850
1679290
1711610
1732190
1901370
1985690
2011600
3720
65930
115800
200110
202170
216250
224480
237930
238210
239070
252470
264200
268750
272270
282350
322520
344760
380360
384190
408760
449800
525920
526160
552700
575680
671510
720090
1036890
1038370
1092660
1191330
1230170
1242700
1258780
1264280
1287290
1336180
1593310
1811950
1895130
1904860
1913210
2088160
2196790
2430990
1900
12500
12900
105430
200900
204530
216890
237890
282560
326410
392470
402560
491530
491950
493840
533540
681820
723330
754890
785260
798510
812040
842180
845070
942970
1121910
1197570
1229460
1239300
1317860
1402110
1406990
1515950
1579380
1608290
1729410
1836450
1849900
1918680
1928870
2295920
12750
21980
32460
34900
91700
224500
239840
261470
306760
324310
358130
360620
404590
419480
449960
495560
530620
558100
696370
909320
982290
1058770
1160920
1304510
1580780
1777620
2263010
2281410
2383120
2536840
2870
8600
39160
202090
208520
239200
256290
262940
270370
271260
292410
353270
424280
435530
485460
489940
622720
637100
774791
809720
840800
1049890
1126310
1194930
1236300
1276800
1288310
1345890
1849000
1930600
2262770
22350
24860
33120
55110
57650
72200
219890
227180
233250
233700
249650
252410
273350
298160
322850
340170
360830
383840
404680
467960
526580
637670
774861
931500
986040
1021100
1046480
1137460
1167450
1196630
1211600
1349040
1351630
1368030
1446850
1559390
1638220
1793030
2216130
33460
49470
113020
201700
214870
219600
222730
231140
233980
235380
237850
245490
253030
261110
265610
266510
304530
338170
364420
382560
407530
427940
429570
474750
547680
569860
574980
598060
622220
663390
680360
699920
774941
804010
979070
994730
1111460
1129310
1178490
1348300
1502190
1755910
1832640
9930
11610
31280
42990
70300
104900
207350
233720
240320
240760
251990
252450
289690
301910
317360
317470
343360
439920
452230
460810
465650
490220
502800
545650
570780
588160
619290
652980
656240
665360
668630
674750
879160
895950
914010
921590
976890
1035510
1054430
1144770
1154040
1239020
1293160
1321660
1334590
1423330
1546570
1591530
1621310
1658290
1754850
1866180
2022270
2151580
2181930
2270590
2273170
4540
17020
33100
48210
113420
203750
209660
211400
221640
227760
232430
237870
243950
260210
266310
270550
275530
275670
278970
286000
290790
314660
318600
341000
375900
376300
417860
418180
519190
546430
571260
596590
674930
774091
813000
824550
937170
950670
989690
1119700
1173550
1182620
1195290
1239260
1275630
1300920
1346070
1358750
1361010
1371720
1431610
1477070
1611430
1682060
1689910
1711950
1839660
2130460
2185780
2230280
2296430
2311190
2400340
13250
15700
65740
94400
96000
98300
206210
209670
223670
231740
258520
272470
282100
287920
308600
312780
312990
334310
338390
346120
346330
351160
375460
376870
377300
411370
421040
422810
436180
467090
502280
504130
512250
513340
522210
551730
555220
555510
603750
696170
882790
950740
965230
1048100
1048540
1149440
1168460
1173690
1184160
1195460
1209410
1226510
1262060
1273710
1282210
1290260
1364960
1395560
1428820
1471180
1566390
1569090
1623880
1651960
1661260
2003060
2141300
2203230
2265230
2526720
2400
6370
23490
45300
55040
58520
205930
206190
220160
221810
227100
233740
241540
242460
242720
255420
289420
296300
322920
351940
360940
367270
371570
385400
398710
400630
401870
414740
420110
434460
461870
544180
553260
618140
623280
691690
704030
817540
919370
955050
973810
1085750
1113570
1168660
1173220
1196600
1277920
1295270
1324340
1340530
1449070
1757490
2061150
2088250
2209150
22000
38600
42650
57600
205190
214560
216610
220820
221020
225080
226980
236510
243930
248330
257750
261820
269710
274900
296470
317820
330840
345330
351920
360640
382490
384490
385150
385730
386280
388750
418340
435790
449140
479130
502400
510510
511470
513720
517710
520720
567780
586790
588210
599750
614910
684580
684680
748360
779290
820030
835430
906100
910490
939700
941460
943380
989440
1077410
1126290
1146630
1173280
1233260
1233590
1249200
1311980
1522260
1681970
1866880
1868000
1942440
2081400
2170420
39800
44360
50650
91600
214770
220780
220860
227580
232810
236830
238910
247910
253860
253940
257730
283880
284950
291210
298180
305050
307880
312200
314030
322460
323370
343710
349460
352550
360600
366760
373970
385240
387340
393430
394230
439930
460120
473520
503900
504770
513510
557810
562730
580560
596870
632350
716710
720560
760620
823950
868270
892520
893030
939100
962580
970500
990260
1025960
1042780
1058650
1106040
1120480
1150080
1198730
1218900
1356280
1414850
1426730
1456820
1490610
1541840
1566410
1668080
1740350
1880330
1902710
1992330
2106520
2121360
2228080
2285570
2321210
2385860
2492260
7510
20820
24400
34010
40400
91200
200010
204240
211010
213650
217140
220660
227700
232750
236150
238280
240460
242570
244930
252030
252130
253880
259550
263860
274290
294040
325600
343440
343690
343930
355000
355840
359310
370910
395920
400740
411830
412880
420740
438820
473630
485450
487370
495890
511680
541180
544920
575330
577740
580200
589120
589420
601590
619780
622590
623580
644570
664430
671210
705040
717690
740250
753650
764050
795100
835860
843810
858460
906870
907270
935270
1016600
1025580
1069740
1086640
1140440
1159520
1203180
1250760
1254320
1293230
1293860
1334000
1334040
1393350
1394800
1399080
1557480
1634720
1731720
1766790
1816570
1939560
2013570
2095450
2377240
17710
22230
38720
39000
41800
42640
49600
62100
70000
97000
200370
205230
208090
209080
211050
214360
215470
216390
218410
220600
226320
230050
231060
231330
233470
241410
253610
253980
255260
264060
267920
270850
277950
278460
280520
282660
286040
286200
288060
293180
294020
294750
298900
302830
313730
319830
323580
326990
327410
327670
329380
332500
334210
338840
344230
345220
346290
347430
350810
351710
352220
355020
357780
361800
361850
368760
371200
395930
401190
402220
407250
418070
420210
428510
430080
433950
434610
438180
438480
438680
439190
441870
442780
446640
450860
454970
466890
470270
482890
487700
495570
496640
504310
512160
512410
521430
529240
529420
534500
536750
541230
542690
544330
547310
554770
555000
556280
561770
562360
567140
569290
569430
581030
581840
584100
585690
596060
597230
611360
620790
625860
634230
636150
638070
656600
665180
672860
714020
741260
745740
750050
770720
805940
806140
826600
836620
866510
910320
944250
967250
981890
992640
1024380
1024890
1140630
1157340
1175830
1181840
1207850
1218500
1234040
1263070
1301210
1347430
1364020
1367020
1407450
1412570
1487390
1505620
1612620
1645320
1662140
1770080
1801650
1865370
1883260
1992090
2133670
2157680
2431660
4550
10620
12840
17700
26500
34350
38700
39230
41300
42120
44320
45000
49400
62000
63200
70110
72400
94200
96100
98200
102700
104200
108700
201280
201570
202130
205910
208600
209100
209120
212180
212740
213030
215790
216570
218130
218310
218510
218740
219850
224060
224540
224600
227480
227940
228400
234190
236370
236730
239220
239660
246280
249990
251170
251530
253650
253960
254080
254100
255520
257830
261180
262390
262450
265590
268240
268420
271640
274560
279640
279720
281690
282880
285050
285800
286300
290710
291170
294230
295110
296870
299460
302310
303390
307070
310380
310700
314710
315060
318100
321920
325180
327070
328500
329950
330350
334850
338120
339160
339280
340070
342580
342640
343390
344130
344300
346500
347830
348020
354640
356880
360650
361300
362300
363490
363620
364050
366910
368770
371330
375010
375510
376570
380120
382850
384740
384960
385200
386110
386420
386870
387840
388160
389460
391160
391660
395170
395570
397500
398920
399230
399790
400240
400250
404770
406970
407230
410590
414080
414290
415880
416040
420970
422100
423550
429060
429280
431640
431750
431930
433210
434210
434530
438020
439250
439700
440790
441830
443940
446380
448260
448440
449170
449540
450190
453270
454100
454220
454670
457710
457930
458420
458600
460660
461370
461380
461390
461880
463100
463150
463210
467370
468490
473470
473560
485350
485860
485870
486020
486340
487720
488210
489020
491280
492600
492630
493700
493820
495350
496680
497400
499050
501880
501930
503820
507520
508180
508760
508820
510840
513620
513780
522090
523150
523160
524030
524440
525190
525460
528510
529760
533180
533820
539720
545860
546200
546930
547860
548710
550900
552780
553790
554530
554800
559940
560380
560710
567150
568810
568860
569610
574640
575780
575860
575920
578590
581470
582890
583760
584780
585020
585550
585970
586600
588040
592590
592600
595440
596350
596440
596650
601180
602880
603370
608800
608990
610730
615690
617710
621220
623940
626630
632050
635730
654990
656610
690510
690530
705120
706220
710700
724970
769920
780800
836640
840140
843660
848010
860910
869880
874400
914690
944220
950100
956600
976800
1003520
1035930
1044450
1056600
1072120
1072710
1077510
1100830
1103950
1108750
1109570
1122050
1124660
1144250
1154110
1161170
1173710
1190340
1192610
1220840
1256610
1264670
1270930
1277110
1282940
1295550
1307660
1308380
1355760
1386730
1399780
1402220
1402480
1412510
1426490
1471200
1478860
1506280
1546540
1563130
1587560
1591770
1592670
1601740
1624090
1672670
1735420
1799220
1834860
1952410
2003050
2016860
2101080
2124420
2175130
2197700
2271770
2316400
2371540
4780
7530
9460
12220
13140
15500
15520
15540
17080
17510
18110
18700
18800
18820
21170
24500
25700
29800
31740
33310
33440
33920
34110
35460
36620
36630
38830
40140
41210
42160
44310
46540
47700
47830
47900
49900
50280
51100
55130
55410
57400
58510
58540
63500
63700
63950
65900
70100
71280
73050
90530
91900
93200
96300
96400
96800
97100
99810
99830
99890
104700
105800
107900
109400
109410
111400
113900
200910
201190
201760
203190
203810
203850
203970
204080
204260
204630
204980
205590
205790
205890
206610
206980
207080
207230
209270
209540
209710
209870
210470
211360
211880
212220
212370
212390
214190
214250
214420
216530
216690
218330
218450
218470
219340
220680
221080
221360
222160
222900
223390
223650
224220
224320
224900
225600
227520
227680
228540
228940
229100
230840
231550
232450
233070
233630
234310
234390
234530
235340
235400
238240
238590
239450
240380
242380
243870
245370
245550
247120
247730
247890
247950
251040
251410
251970
252150
252170
252670
252850
253490
254370
256410
258160
258700
259320
259430
259510
260250
263060
263440
263740
263980
264240
264260
264480
265380
265750
266050
267550
267980
269270
269430
270090
271290
271550
271570
271860
272060
272350
272890
273770
275470
275490
277870
279740
280140
280320
280640
281060
281130
283390
284180
284930
284990
285010
285070
285090
285130
285840
286120
286940
288040
289090
290140
290650
291410
292370
292380
292570
292620
293320
293540
293560
293880
295330
295550
295650
296050
296930
297020
297450
297810
298520
298600
299260
300080
301190
301200
301680
301750
302010
302270
302470
303510
303720
304670
306350
306410
306830
307350
308000
308040
311860
312640
313020
313140
313830
313990
314210
314250
314700
315070
315080
315640
316390
318220
318430
319150
319180
320150
321030
321150
321400
321950
322610
322780
324060
325470
326120
327680
327690
328940
329000
329830
331710
331790
332070
332480
332780
332790
333250
333740
334040
334070
334120
334300
334620
335210
335330
335550
335900
336510
